% MAE 280 B - Linear Control Design
% Mauricio de Oliveira
%
% LMI LQR Control
%
m = 100;               % 100 kg
r = 300E3;             % 300 km
R = 6.37E6;            % 6.37 10^3 km
G = 6.673E-11;         % 6.673 N m^2/kg^2
M = 5.98E24;           % 5.98 10^24 kg
k = G * M;             % gravitational force constant
w = sqrt(k/((R+r)^3)); % angular velocity (rad/s)
v = w * (R + r);       % "ground" velocity (m/s)

% linearized system matrices
A = [0 0 1 0; 0 0 0 1; 3*w^2 0 0 2*(r+R)*w; 0 0 -2*w/(r+R) 0];
Bu = [0 0; 0 0; 1/m 0; 0 1/(m*r)];
Bw = [0 0; 0 0; 1/m 0; 0 1/(m*r)];

% noise variances
W = 0.1 * eye(2) 
W =
   1.0000e-01            0
            0   1.0000e-01

% scale
T = diag([1 r 1 r])
T =
           1           0           0           0
           0      300000           0           0
           0           0           1           0
           0           0           0      300000

% similarity transformation
At = T * A / T
At =
            0            0   1.0000e+00            0
            0            0            0   1.0000e+00
   4.0343e-06            0            0   5.1565e-02
            0            0  -1.0432e-04            0
But = T * Bu
But =
            0            0
            0            0
   1.0000e-02            0
            0   1.0000e-02
Bwt = T * Bw
Bwt =
            0            0
            0            0
   1.0000e-02            0
            0   1.0000e-02

% another similarity to change state
T = [1 0 0 0; 0 0 1 0; 0 1 0 0; 0 0 0 1]
T =
     1     0     0     0
     0     0     1     0
     0     1     0     0
     0     0     0     1
Att = T * At / T
Att =
            0   1.0000e+00            0            0
   4.0343e-06            0            0   5.1565e-02
            0            0            0   1.0000e+00
            0  -1.0432e-04            0            0
Butt = T * But
Butt =
            0            0
   1.0000e-02            0
            0            0
            0   1.0000e-02
Bwtt = T * Bwt
Bwtt =
            0            0
   1.0000e-02            0
            0            0
            0   1.0000e-02

% optimal LQR state feedback control (using u1 and u2)
n = size(Att,1);
m = size(Butt,2);

% LQR solution
Cz = [eye(n); zeros(m,n)];
Dzu = [zeros(n,m); eye(m)];

[K,X,S] = lqr(Att, Butt, Cz' * Cz, Dzu' * Dzu);
Klqr = - K
Klqr =
  -9.8444e-01  -1.3843e+01   1.7795e-01  -2.4919e+00
  -1.7795e-01  -2.4919e+00  -9.8404e-01  -1.4741e+01

% LMI solution with decentralization
% declare variables
X = sdpvar(n,n,'symmetric');
Z = sdpvar(m,m,'symmetric');
L = sdpvar(m,n);

% declare LMIs
LMI1 = [Att*X+X*Att'+Butt*L+L'*Butt', X*Cz'+L'*Dzu';...
        Cz*X+Dzu*L, -eye(m+n)];
LMI2 = [Z, Bwtt'; Bwtt, X];

% Structural constraints
Xmask = [zeros(2,2) ones(2,2); ones(2,2) zeros(2,2)]
Xmask =
     0     0     1     1
     0     0     1     1
     1     1     0     0
     1     1     0     0
Lmask = [zeros(1,2) ones(1,2); ones(1,2) zeros(1,2)]
Lmask =
     0     0     1     1
     1     1     0     0

LMI = set(LMI1 < 0) + set(LMI2 > 0) + set(Xmask.*X == 0) + set(Lmask.*L == 0);
options = sdpsettings('solver','sedumi');
solution =solvesdp(LMI,trace(W*Z),options)
SeDuMi 1.1R3 by AdvOL, 2006 and Jos F. Sturm, 1998-2003.
Alg = 2: xz-corrector, theta = 0.250, beta = 0.500
Put 24 free variables in a quadratic cone
eqs m = 21, order n = 19, dim = 162, blocks = 4
nnz(A) = 77 + 0, nnz(ADA) = 393, nnz(L) = 207
 it :     b*y       gap    delta  rate   t/tP*  t/tD*   feas cg cg  prec
  0 :            5.84E+00 0.000
  1 :  -1.21E-01 1.26E+00 0.000 0.2164 0.9000 0.9000   2.32  1  1  1.5E+00
  2 :  -3.23E-02 2.56E-01 0.000 0.2028 0.9000 0.9000   1.54  1  1  7.1E-01
  3 :  -6.52E-03 5.86E-02 0.000 0.2284 0.9000 0.9000   1.23  1  1  5.4E-01
  4 :  -3.90E-03 1.63E-02 0.000 0.2775 0.9000 0.9000   1.04  1  1  7.3E-01
  5 :  -5.48E-03 4.82E-03 0.000 0.2964 0.9000 0.9000   0.56  1  1  2.8E-01
  6 :  -7.91E-03 1.61E-03 0.000 0.3348 0.9000 0.9000   0.14  1  1  1.1E-01
  7 :  -1.13E-02 5.44E-04 0.000 0.3370 0.9000 0.9000   0.14  1  1  7.1E-03
  8 :  -1.47E-02 2.05E-04 0.000 0.3770 0.9000 0.9000   0.10  1  1  6.6E-04
  9 :  -1.92E-02 6.99E-05 0.000 0.3412 0.9000 0.9000   0.17  1  1  3.6E-04
 10 :  -2.28E-02 2.80E-05 0.000 0.4005 0.9000 0.9000   0.13  1  1  2.4E-04
 11 :  -2.76E-02 9.32E-06 0.000 0.3328 0.9000 0.9000   0.34  1  1  1.1E-04
 12 :  -3.09E-02 3.44E-06 0.000 0.3686 0.9000 0.9000   0.39  1  1  5.9E-05
 13 :  -3.35E-02 9.53E-07 0.000 0.2775 0.9000 0.9000   0.64  1  1  1.9E-05
 14 :  -3.46E-02 2.27E-07 0.000 0.2379 0.9000 0.9000   0.79  1  1  5.2E-06
 15 :  -3.50E-02 1.23E-08 0.000 0.0542 0.9900 0.9900   0.94  1  1  2.9E-07
 16 :  -3.50E-02 2.75E-09 0.000 0.2234 0.9000 0.9000   0.97  1  1  6.6E-08
 17 :  -3.50E-02 2.11E-11 0.056 0.0077 0.9990 0.9990   1.00  1  1  5.1E-10

iter seconds digits       c*x               b*y
 17      0.4   Inf -3.5011343878e-02 -3.5011340045e-02
|Ax-b| =   3.0e-10, [Ay-c]_+ =   1.4E-10, |x|=  2.8e+02, |y|=  2.9e-01

Detailed timing (sec)
   Pre          IPM          Post
1.900E-01    4.400E-01    6.000E-02    
Max-norms: ||b||=1.000000e-01, ||c|| = 1,
Cholesky |add|=0, |skip| = 0, ||L.L|| = 391.968.
solution = 
    yalmiptime: 8.4433e-01
    solvertime: 1.3180e+00
          info: 'No problems detected (SeDuMi-1.1)'
       problem: 0
        dimacs: [2.7575e-10 0 0 7.1088e-11 -3.5826e-09 -3.5398e-09]

% Construct K and check closed loop stability and performance
double(L)
ans =
   4.4058e-07  -1.0000e-02  -2.2260e-16  -1.0398e-16
  -8.9744e-17  -7.0194e-17  -1.1328e-07  -1.0000e-02
double(X)
ans =
   1.3231e-01  -8.7973e-03  -5.8520e-13  -1.0460e-11
  -8.7973e-03   1.1741e-03  -4.3354e-12  -1.0041e-10
  -5.8520e-13  -4.3354e-12   7.9953e-02  -4.4339e-03
  -1.0460e-11  -1.0041e-10  -4.4339e-03   8.0025e-04
Ld = double(L) - double(L) .* Lmask
Ld =
   4.4058e-07  -1.0000e-02            0            0
            0            0  -1.1328e-07  -1.0000e-02
Xd = double(X) - double(X) .* Xmask
Xd =
   1.3231e-01  -8.7973e-03            0            0
  -8.7973e-03   1.1741e-03            0            0
            0            0   7.9953e-02  -4.4339e-03
            0            0  -4.4339e-03   8.0025e-04
Klmi = Ld / Xd
Klmi =
  -1.1285e+00  -1.6973e+01            0            0
            0            0  -1.0003e+00  -1.8039e+01
Acl = Att + Butt*Klmi;
eig(Acl)
ans =
  -8.5040e-02 + 6.3757e-02i
  -8.5040e-02 - 6.3757e-02i
  -9.0017e-02 + 4.3439e-02i
  -9.0017e-02 - 4.3439e-02i
Y = lyap(Acl, Bwtt * W * Bwtt')
Y =
   2.7272e-03  -5.4210e-20   3.8153e-04   1.3926e-06
  -5.4210e-20   3.0695e-05  -1.3926e-06   4.0678e-06
   3.8153e-04  -1.3926e-06   2.7707e-03   5.4210e-20
   1.3926e-06   4.0678e-06   5.4210e-20   2.7716e-05
sqrt(trace(Y))
ans =
   7.4540e-02
sqrt(diag(Y))
ans =
   5.2223e-02
   5.5403e-03
   5.2637e-02
   5.2646e-03

% Try stripping lqr gain
Klqr
Klqr =
  -9.8444e-01  -1.3843e+01   1.7795e-01  -2.4919e+00
  -1.7795e-01  -2.4919e+00  -9.8404e-01  -1.4741e+01
Klqrd = double(Klqr) - double(Klqr) .* Lmask
Klqrd =
  -9.8444e-01  -1.3843e+01            0            0
            0            0  -9.8404e-01  -1.4741e+01
Acl = Att + Butt*Klqrd;
eig(Acl)
ans =
  -6.9537e-02 + 7.0746e-02i
  -6.9537e-02 - 7.0746e-02i
  -7.3382e-02 + 6.6749e-02i
  -7.3382e-02 - 6.6749e-02i
Y = lyap(Acl, Bwtt * W * Bwtt')
Y =
   3.9016e-03  -1.0842e-19   6.2032e-04   1.7378e-12
  -1.0842e-19   3.8393e-05  -1.7378e-12   6.1042e-06
   6.2032e-04  -1.7378e-12   3.4465e-03   1.2197e-19
   1.7378e-12   6.1042e-06   1.2197e-19   3.3915e-05
sqrt(trace(Y))
ans =
   8.6142e-02
sqrt(diag(Y))
ans =
   6.2463e-02
   6.1962e-03
   5.8707e-02
   5.8236e-03

% LQR solution
Cz = [eye(n); zeros(m,n)];
Dzu = 1e4*[zeros(n,m); eye(m)];
w
w =
   1.1596e-03
[K,X,S] = lqr(Att, Butt, Cz' * Cz, Dzu' * Dzu);
Klqr = - K
Klqr =
  -1.9615e-05  -6.5712e-03   3.8376e-05  -5.2724e-02
  -1.5950e-04  -5.2724e-02   9.2343e-05  -7.2284e-01

% LMI solution with decentralization
% declare variables
X = sdpvar(n,n,'symmetric');
Z = sdpvar(m,m,'symmetric');
L = sdpvar(m,n);

% declare LMIs
LMI1 = [Att*X+X*Att'+Butt*L+L'*Butt', X*Cz'+L'*Dzu';...
        Cz*X+Dzu*L, -eye(m+n)];
LMI2 = [Z, Bwtt'; Bwtt, X];

% Structural constraints
Xmask = [zeros(2,2) ones(2,2); ones(2,2) zeros(2,2)]
Xmask =
     0     0     1     1
     0     0     1     1
     1     1     0     0
     1     1     0     0
Lmask = [zeros(1,2) ones(1,2); ones(1,2) zeros(1,2)]
Lmask =
     0     0     1     1
     1     1     0     0

LMI = set(LMI1 < 0) + set(LMI2 > 0) + set(Xmask.*X == 0) + set(Lmask.*L == 0);
options = sdpsettings('solver','sedumi');
solution =solvesdp(LMI,trace(W*Z),options)
SeDuMi 1.1R3 by AdvOL, 2006 and Jos F. Sturm, 1998-2003.
Alg = 2: xz-corrector, theta = 0.250, beta = 0.500
Put 24 free variables in a quadratic cone
eqs m = 21, order n = 19, dim = 162, blocks = 4
nnz(A) = 77 + 0, nnz(ADA) = 393, nnz(L) = 207
 it :     b*y       gap    delta  rate   t/tP*  t/tD*   feas cg cg  prec
  0 :            5.84E+00 0.000
  1 :  -1.21E-01 1.26E+00 0.000 0.2164 0.9000 0.9000   2.32  1  1  1.5E+00
  2 :  -3.23E-02 2.57E-01 0.000 0.2032 0.9000 0.9000   1.54  1  1  7.2E-01
  3 :  -6.61E-03 5.91E-02 0.000 0.2300 0.9000 0.9000   1.23  1  1  5.5E-01
  4 :  -3.96E-03 1.65E-02 0.000 0.2789 0.9000 0.9000   1.03  1  1  7.4E-01
  5 :  -5.66E-03 4.92E-03 0.000 0.2988 0.9000 0.9000   0.53  1  1  2.9E-01
  6 :  -8.40E-03 1.62E-03 0.000 0.3282 0.9000 0.9000   0.09  1  1  1.1E-01
  7 :  -1.25E-02 5.47E-04 0.000 0.3382 0.9000 0.9000   0.04  1  1  1.2E-03
  8 :  -1.73E-02 1.95E-04 0.000 0.3565 0.9000 0.9000  -0.04  1  1  8.3E-04
  9 :  -2.43E-02 6.65E-05 0.000 0.3411 0.9000 0.9000  -0.03  1  1  5.2E-04
 10 :  -3.25E-02 2.33E-05 0.000 0.3502 0.9000 0.9000  -0.15  1  1  4.0E-04
 11 :  -4.64E-02 7.77E-06 0.000 0.3337 0.9000 0.9000  -0.07  1  1  2.4E-04
 12 :  -6.39E-02 2.40E-06 0.000 0.3090 0.9000 0.9000  -0.18  1  1  1.8E-04
 13 :  -9.04E-02 7.90E-07 0.000 0.3290 0.9000 0.9000  -0.10  1  1  1.1E-04
 14 :  -1.24E-01 2.49E-07 0.000 0.3156 0.9000 0.9000  -0.19  1  1  7.9E-05
 15 :  -1.76E-01 8.09E-08 0.000 0.3248 0.9000 0.9000  -0.12  1  1  4.9E-05
 16 :  -2.45E-01 2.46E-08 0.000 0.3033 0.9000 0.9000  -0.20  1  1  3.5E-05
 17 :  -3.47E-01 8.05E-09 0.000 0.3278 0.9000 0.9000  -0.13  1  1  2.2E-05
 18 :  -4.79E-01 2.55E-09 0.000 0.3174 0.9000 0.9000  -0.20  1  1  1.6E-05
 19 :  -6.80E-01 8.41E-10 0.000 0.3294 0.9000 0.9000  -0.13  1  1  1.0E-05
 20 :  -9.47E-01 2.61E-10 0.000 0.3101 0.9000 0.9000  -0.21  1  1  7.2E-06
 21 :  -1.34E+00 8.68E-11 0.000 0.3329 0.9000 0.9000  -0.14  1  1  4.6E-06
 22 :  -1.87E+00 2.74E-11 0.000 0.3153 0.9000 0.9000  -0.21  1  1  3.3E-06
 23 :  -2.64E+00 9.19E-12 0.000 0.3357 0.9000 0.9000  -0.14  4  4  2.1E-06
 24 :  -3.71E+00 2.85E-12 0.000 0.3099 0.9000 0.9000  -0.21  5  5  1.5E-06
 25 :  -5.24E+00 9.65E-13 0.000 0.3388 0.9000 0.9000  -0.14  5  5  9.8E-07
 26 :  -7.37E+00 2.99E-13 0.000 0.3100 0.9000 0.9000  -0.21  5  5  7.0E-07
 27 :  -1.04E+01 1.02E-13 0.000 0.3416 0.9000 0.9000  -0.14  6  6  4.5E-07
 28 :  -1.48E+01 3.13E-14 0.000 0.3058 0.9000 0.9000  -0.21  5  6  3.2E-07
 29 :  -2.09E+01 1.08E-14 0.000 0.3448 0.9000 0.9000  -0.13  6  6  2.1E-07
 30 :  -2.97E+01 3.26E-15 0.000 0.3021 0.9000 0.9000  -0.21  6  7  1.5E-07
 31 :  -3.40E+01 2.20E-15 0.000 0.6761 0.9000 0.9000  -0.13  6  6  1.3E-07
 32 :  -3.67E+01 1.75E-15 0.000 0.7952 0.9000 0.9000  -0.17  6  6  1.2E-07
Run into numerical problems.

iter seconds digits       c*x               b*y
 32      0.4   Inf -3.8982845758e+01 -3.6688251897e+01
|Ax-b| =   1.6e-07, [Ay-c]_+ =   3.3E-08, |x|=  9.3e+08, |y|=  2.7e+02

Detailed timing (sec)
   Pre          IPM          Post
0.000E+00    4.000E-01    1.000E-02    
Max-norms: ||b||=1.000000e-01, ||c|| = 1,
Cholesky |add|=3, |skip| = 0, ||L.L|| = 500000.
solution = 
    yalmiptime: 5.5192e-02
    solvertime: 4.3993e-01
          info: 'Numerical problems (SeDuMi-1.1)'
       problem: 4
        dimacs: [1.3072e-07 0 0 1.6445e-08 -2.9928e-02 -2.9928e-02]

% Construct K and check closed loop stability and performance
double(L)
ans =
  -2.3430e-16  -1.0000e-10  -1.0534e-18   6.5957e-19
  -5.6976e-18  -3.1869e-18  -1.3183e-16  -1.0000e-10
double(X)
ans =
   1.1968e-02  -1.0108e-04   3.4826e-13  -9.9049e-11
  -1.0108e-04   1.6962e-06   5.0700e-11  -1.2549e-08
   3.4826e-13   5.0700e-11   1.7083e-03  -7.4095e-06
  -9.9049e-11  -1.2549e-08  -7.4095e-06   4.9921e-07
Ld = double(L) - double(L) .* Lmask
Ld =
  -2.3430e-16  -1.0000e-10            0            0
            0            0  -1.3183e-16  -1.0000e-10
Xd = double(X) - double(X) .* Xmask
Xd =
   1.1968e-02  -1.0108e-04            0            0
  -1.0108e-04   1.6962e-06            0            0
            0            0   1.7083e-03  -7.4095e-06
            0            0  -7.4095e-06   4.9921e-07
Klmi = Ld / Xd
Klmi =
  -1.0024e-06  -1.1869e-04            0            0
            0            0  -9.2864e-07  -2.1410e-04
Acl = Att + Butt*Klmi;
eig(Acl)
ans =
  -4.6669e-06 + 1.1794e-03i
  -4.6669e-06 - 1.1794e-03i
   1.6694e-04              
  -1.6093e-04              

% Try stripping lqr gain
Klqr
Klqr =
  -1.9615e-05  -6.5712e-03   3.8376e-05  -5.2724e-02
  -1.5950e-04  -5.2724e-02   9.2343e-05  -7.2284e-01
Klqrd = double(Klqr) - double(Klqr) .* Lmask
Klqrd =
  -1.9615e-05  -6.5712e-03            0            0
            0            0   9.2343e-05  -7.2284e-01
Acl = Att + Butt*Klqrd;
eig(Acl)
ans =
  -6.4410e-03
  -2.6162e-03
   1.6344e-03
   1.2869e-04

diary off
